,ETF_000,ETF_001,ETF_002,ETF_003,ETF_004,ETF_005,ETF_006,ETF_007,ETF_008,ETF_009,ETF_010,ETF_011,ETF_012,ETF_013,ETF_014
ETF_000,1.0,0.9769909668496866,0.9768806932107436,0.9763495389956758,0.9768856129797758,-0.04378189662636827,-0.03790171952915889,-0.06299518241131014,-0.0928714055935152,-0.09257259249536216,0.01047340311685018,-0.01735252412324645,0.000587805473873758,0.017139243398511413,0.019535008164960795
ETF_001,0.9769909668496866,1.0,0.9731373970331894,0.9689467559091297,0.973437140104248,-0.01712522126198611,-0.021703044105541008,-0.042719601148251164,-0.08177847390633068,-0.08178909080578979,0.0020120505707016943,-0.018954178098709917,-0.018505588799356324,0.01618570555031333,0.012624357162477609
ETF_002,0.9768806932107436,0.9731373970331894,1.0,0.970818473992361,0.9735948603541447,-0.043265838784906856,-0.03907755265558607,-0.07246566871060113,-0.10630599063148885,-0.10597491782648023,-0.0035646807356679517,-0.0325468662281475,-0.020566373725213163,0.005042952076198687,0.003957211317510403
ETF_003,0.9763495389956758,0.9689467559091297,0.970818473992361,1.0,0.9736002270153242,-0.028351182650739003,-0.031094983894676326,-0.05537501377204252,-0.07710813959896833,-0.08030799095316943,0.020923146767386967,0.019313578816582636,0.027130160938166416,0.03695283307836563,0.032921504024758214
ETF_004,0.9768856129797758,0.973437140104248,0.9735948603541447,0.9736002270153242,1.0,-0.028636674251352395,-0.02304415837869578,-0.04338846537910266,-0.08599042807439583,-0.08533750519346762,0.029757525228312296,-0.005718036959019884,0.01675198305431052,0.03873866197768409,0.046084518399255
ETF_005,-0.04378189662636827,-0.01712522126198611,-0.043265838784906856,-0.028351182650739003,-0.028636674251352395,1.0,0.9060658430068665,0.9021207645295783,0.8998579690693883,0.8908855644011484,0.06568676066380233,-0.0044057550560225945,-0.008357382362547499,0.07361266166978445,0.022414272145803323
ETF_006,-0.03790171952915889,-0.021703044105541008,-0.03907755265558607,-0.031094983894676326,-0.02304415837869578,0.9060658430068665,1.0,0.9059086453119918,0.9095937376292679,0.894807217396812,0.07047570986633386,0.021382730121780772,0.031057569211190992,0.046325570491396864,0.014560128706717567
ETF_007,-0.06299518241131014,-0.042719601148251164,-0.07246566871060113,-0.05537501377204252,-0.04338846537910266,0.9021207645295783,0.9059086453119918,1.0,0.9001681518153771,0.9053801706236532,0.038317920205732145,0.008656963381122575,-0.003219541104391632,0.05830314874722152,0.03071939859616635
ETF_008,-0.0928714055935152,-0.08177847390633068,-0.10630599063148885,-0.07710813959896833,-0.08599042807439583,0.8998579690693883,0.9095937376292679,0.9001681518153771,1.0,0.8965590054292403,0.0704834410076661,0.022458170868134977,0.0024273712687741173,0.06313890810328937,0.02198630872192207
ETF_009,-0.09257259249536216,-0.08178909080578979,-0.10597491782648023,-0.08030799095316943,-0.08533750519346762,0.8908855644011484,0.894807217396812,0.9053801706236532,0.8965590054292403,1.0,0.044334560259960396,0.011952649979336384,0.002960722524834425,0.031745986164406596,-0.007454482581784548
ETF_010,0.01047340311685018,0.0020120505707016943,-0.0035646807356679517,0.020923146767386967,0.029757525228312296,0.06568676066380233,0.07047570986633386,0.038317920205732145,0.0704834410076661,0.044334560259960396,1.0,0.8027396905331619,0.8134074242996316,0.8261573746216648,0.8340519843043674
ETF_011,-0.01735252412324645,-0.018954178098709917,-0.0325468662281475,0.019313578816582636,-0.005718036959019884,-0.0044057550560225945,0.021382730121780772,0.008656963381122575,0.022458170868134977,0.011952649979336384,0.8027396905331619,1.0,0.7915586310920318,0.8058707439342843,0.8110070540037392
ETF_012,0.000587805473873758,-0.018505588799356324,-0.020566373725213163,0.027130160938166416,0.01675198305431052,-0.008357382362547499,0.031057569211190992,-0.003219541104391632,0.0024273712687741173,0.002960722524834425,0.8134074242996316,0.7915586310920318,1.0,0.841017628356531,0.8064812267534114
ETF_013,0.017139243398511413,0.01618570555031333,0.005042952076198687,0.03695283307836563,0.03873866197768409,0.07361266166978445,0.046325570491396864,0.05830314874722152,0.06313890810328937,0.031745986164406596,0.8261573746216648,0.8058707439342843,0.841017628356531,1.0,0.824096978328695
ETF_014,0.019535008164960795,0.012624357162477609,0.003957211317510403,0.032921504024758214,0.046084518399255,0.022414272145803323,0.014560128706717567,0.03071939859616635,0.02198630872192207,-0.007454482581784548,0.8340519843043674,0.8110070540037392,0.8064812267534114,0.824096978328695,1.0
